1 965 800
2 876 723
3 229 82
4 703 239
5 922 97
6 722 439
7 822 448
8 537 917
9 420 105
10 549 913
11 816 716
12 675 437
13 256 715
14 596 947
15 397 465
16 44 519
17 256 134
18 411 251
19 445 804
20 581 166
21 888 390
22 730 236
23 714 173
24 68 67
25 785 122
26 885 699
27 922 827
28 796 428
29 704 822
30 331 196
31 906 439
32 202 783
33 478 809
34 633 764
35 655 998
36 719 265
37 855 742
38 798 639
39 742 385
40 315 299
41 566 333
42 70 18
43 91 846
44 750 745
45 357 273
46 1 583
47 595 679
48 694 492
49 480 449
50 660 846
51 85 208
52 958 784
53 993 682
54 277 9
55 818 355
56 251 925
57 523 49
58 424 45
59 803 813
60 688 735
61 217 899
62 7 910
63 482 801
64 889 207
65 238 751
66 548 729
67 165 506
68 993 770
69 61 576
70 151 49
71 368 811
72 407 216
73 80 350
74 740 533
75 978 761
76 314 308
77 571 604
78 220 551
79 93 645
80 707 216
81 552 714
82 753 756
83 73 813
84 305 232
85 178 634
86 109 881
87 791 705
88 860 12
89 180 924
90 674 418
91 280 105
92 581 641
93 370 596
94 840 834
95 933 203
96 850 607
97 581 177
98 900 384
99 727 575
100 853 210
