1 385 766
2 197 193
3 732 968
4 533 528
5 769 951
6 718 750
7 797 558
8 865 290
9 781 744
10 773 528
11 696 421
12 979 363
13 359 884
14 856 56
15 62 291
16 222 491
17 23 191
18 97 866
19 843 533
20 930 772
21 783 188
22 909 623
23 480 728
24 331 699
25 887 912
26 759 915
27 219 578
28 657 29
29 465 179
30 924 885
31 931 457
32 695 622
33 692 836
34 694 676
35 239 496
36 638 426
37 475 364
38 11 326
39 71 952
40 978 590
41 44 240
42 13 649
43 663 250
44 698 789
45 900 585
46 946 924
47 929 704
48 442 382
49 135 101
50 979 205
51 498 203
52 746 538
53 355 686
54 767 283
55 889 668
56 550 977
57 716 320
58 303 947
59 134 782
60 310 668
61 815 189
62 522 613
63 287 856
64 174 610
65 2 75
66 193 997
67 554 997
68 277 574
69 984 122
70 634 253
71 616 86
72 728 757
73 575 737
74 646 984
75 166 124
76 566 802
77 340 768
78 805 959
79 900 809
80 771 491
81 755 300
82 663 862
83 472 831
84 960 108
85 130 257
86 155 189
87 827 557
88 55 937
89 37 761
90 378 201
91 816 462
92 777 206
93 113 16
94 194 163
95 722 299
96 514 625
97 764 778
98 734 406
99 908 263
100 850 596
101 1 665
102 658 843
103 153 433
104 548 174
105 494 586
106 850 70
107 572 891
108 352 545
109 983 391
110 946 992
111 831 599
112 851 956
113 675 660
114 765 966
115 111 87
116 243 144
117 316 612
118 256 462
119 587 674
120 86 772
121 546 395
122 966 327
123 978 276
124 402 595
125 775 964
126 28 944
127 669 588
128 861 379
129 810 626
130 668 373
131 687 469
132 68 734
133 5 817
134 76 791
135 714 312
136 21 611
137 769 988
138 415 899
139 939 551
140 440 779
141 287 799
142 496 9
143 962 682
144 864 831
145 999 205
146 444 492
147 837 420
148 653 463
149 739 920
150 567 838
151 12 916
152 802 522
153 482 462
154 668 51
155 717 726
156 145 170
157 528 416
158 191 979
159 871 137
160 509 967
161 51 915
162 804 915
163 353 481
164 796 74
165 166 17
166 960 643
167 18 660
168 581 914
169 751 295
170 749 775
171 400 416
172 598 416
173 18 255
174 201 839
175 612 281
176 915 20
177 750 502
178 781 265
179 923 501
180 628 728
181 141 661
182 272 205
183 628 794
184 909 146
185 311 657
186 467 790
187 206 237
188 582 117
189 485 445
190 237 910
191 761 515
192 602 638
193 856 93
194 494 200
195 291 937
196 282 393
197 266 90
198 302 325
199 98 102
200 42 619
201 177 939
202 414 385
203 942 949
204 745 984
205 633 337
206 955 701
207 254 774
208 259 813
209 337 576
210 8 565
211 560 548
212 225 989
213 347 2
214 635 298
215 44 438
216 101 453
217 807 221
218 964 808
219 776 848
220 440 306
221 910 202
222 100 527
223 387 370
224 206 952
225 137 223
226 10 779
227 196 165
228 390 779
229 706 244
230 405 917
231 674 35
232 373 344
233 399 272
234 816 570
235 236 535
236 650 90
237 204 771
238 967 194
239 512 151
240 466 112
241 480 530
242 669 216
243 790 695
244 347 444
245 333 425
246 303 238
247 788 894
248 83 403
249 362 82
250 912 216
251 673 448
252 528 922
253 147 225
254 868 238
255 877 269
256 695 925
257 494 450
258 8 53
259 989 111
260 600 239
261 733 535
262 263 581
263 546 86
264 854 855
265 385 261
266 516 18
267 801 869
268 929 32
269 115 669
270 900 765
271 322 484
272 22 438
273 586 622
274 995 962
275 803 463
276 820 374
277 154 560
278 309 761
279 700 523
280 246 804
281 58 480
282 908 48
283 690 845
284 342 300
285 459 432
286 943 69
287 279 861
288 902 116
289 606 374
290 223 342
291 598 333
292 311 630
293 285 402
294 482 395
295 898 421
296 220 1
297 254 491
298 921 569
299 6 33
300 886 951
301 973 761
302 964 247
303 539 535
304 32 231
305 913 722
306 299 394
307 872 451
308 546 442
309 556 191
310 69 523
311 75 837
312 368 80
313 285 574
314 171 182
315 539 159
316 921 393
317 960 360
318 411 658
319 256 714
320 203 774
321 306 138
322 80 46
323 175 776
324 468 424
325 376 439
326 982 520
327 297 897
328 752 550
329 975 930
330 825 678
331 906 257
332 672 610
333 931 389
334 821 392
335 405 678
336 447 778
337 331 783
338 509 257
339 188 412
340 117 233
341 361 184
342 614 491
343 754 499
344 71 574
345 588 909
346 835 882
347 316 198
348 763 538
349 143 929
350 209 798
351 89 244
352 661 227
353 274 808
354 314 484
355 952 1000
356 471 245
357 639 83
358 909 36
359 696 450
360 186 654
361 900 625
362 170 882
363 103 390
364 520 920
365 61 283
366 680 263
367 6 370
368 909 217
369 632 981
370 241 911
371 561 483
372 439 412
373 545 553
374 594 554
375 265 22
376 363 711
377 895 109
378 117 30
379 964 617
380 674 684
381 123 674
382 121 129
383 442 250
384 422 723
385 110 62
386 583 289
387 776 180
388 799 101
389 625 393
390 949 639
391 663 400
392 802 544
393 532 81
394 981 173
395 651 664
396 118 640
397 282 784
398 205 77
399 46 219
400 368 834
401 922 267
402 422 564
403 645 413
404 566 24
405 934 163
406 271 680
407 216 302
408 102 66
409 749 718
410 385 656
411 812 689
412 382 938
413 163 749
414 619 211
415 826 149
416 780 821
417 493 965
418 389 13
419 880 878
420 85 79
421 968 576
422 943 104
423 613 986
424 799 605
425 689 883
426 434 855
427 919 390
428 466 915
429 668 391
430 371 434
431 383 985
432 161 69
433 223 514
434 133 111
435 249 573
436 171 504
437 502 798
438 830 525
439 366 83
440 830 833
441 543 127
442 855 641
443 572 70
444 233 482
445 374 456
446 486 147
447 675 741
448 647 538
449 256 196
450 621 592
451 648 804
452 41 420
453 218 455
454 115 128
455 115 761
456 531 837
457 641 460
458 88 383
459 195 569
460 715 504
461 369 678
462 307 782
463 255 507
464 543 676
465 176 978
466 838 993
467 796 713
468 310 130
469 74 90
470 534 824
471 92 29
472 404 818
473 589 345
474 894 481
475 571 800
476 649 421
477 485 715
478 427 498
479 267 210
480 321 202
481 847 53
482 551 810
483 543 750
484 531 516
485 240 471
486 72 791
487 889 429
488 892 624
489 205 935
490 584 830
491 846 513
492 402 321
493 994 910
494 757 720
495 983 546
496 852 325
497 37 763
498 848 338
499 328 971
500 423 104
501 626 286
502 32 699
503 922 883
504 600 982
505 47 300
506 487 823
507 523 534
508 743 939
509 143 296
510 226 904
511 499 819
512 944 293
513 330 214
514 66 834
515 950 430
516 338 70
517 585 679
518 503 252
519 967 78
520 2 733
521 116 738
522 482 884
523 161 222
524 143 124
525 926 895
526 849 234
527 806 174
528 806 305
529 446 124
530 629 353
531 35 328
532 797 471
533 981 19
534 125 884
535 696 542
536 274 365
537 692 232
538 2 933
539 986 545
540 475 140
541 310 885
542 354 157
543 418 289
544 813 906
545 152 743
546 440 449
547 101 634
548 24 475
549 887 57
550 784 57
551 300 643
552 759 13
553 496 222
554 726 153
555 276 775
556 242 826
557 238 897
558 326 386
559 46 150
560 510 520
561 890 935
562 491 936
563 958 155
564 873 898
565 117 537
566 690 267
567 173 53
568 201 926
569 990 68
570 654 457
571 441 257
572 653 207
573 632 19
574 596 896
575 689 116
576 840 754
577 378 554
578 791 590
579 844 539
580 371 435
581 696 891
582 603 436
583 226 981
584 745 1000
585 311 355
586 571 788
587 711 637
588 82 419
589 618 259
590 317 160
591 709 83
592 683 26
593 778 914
594 899 525
595 520 738
596 707 199
597 624 7
598 530 818
599 498 10
600 6 242
601 179 817
602 45 123
603 215 173
604 772 245
605 838 850
606 656 914
607 824 20
608 320 933
609 992 477
610 391 811
611 411 241
612 475 110
613 644 158
614 567 165
615 391 28
616 929 310
617 682 952
618 962 166
619 369 424
620 665 582
621 138 942
622 566 390
623 348 965
624 431 958
625 366 701
626 164 249
627 531 911
628 203 39
629 942 143
630 291 191
631 663 227
632 929 737
633 187 639
634 693 117
635 486 487
636 641 206
637 576 681
638 318 83
639 487 264
640 399 691
641 522 193
642 130 742
643 953 915
644 586 204
645 749 913
646 134 942
647 131 872
648 590 942
649 808 751
650 923 439
651 4 832
652 677 540
653 950 826
654 201 522
655 971 636
656 240 373
657 525 18
658 752 851
659 645 959
660 952 466
661 201 879
662 6 123
663 44 297
664 897 219
665 96 310
666 662 397
667 884 701
668 220 657
669 805 897
670 54 963
671 958 33
672 139 355
673 951 230
674 278 704
675 399 355
676 798 340
677 177 366
678 142 309
679 400 448
680 466 281
681 810 566
682 166 215
683 750 708
684 118 741
685 125 103
686 733 693
687 665 88
688 447 407
689 48 503
690 741 156
691 671 485
692 91 680
693 71 927
694 323 733
695 400 268
696 616 415
697 760 453
698 474 148
699 817 239
700 620 88
701 406 570
702 647 961
703 668 895
704 684 407
705 576 268
706 724 97
707 669 39
708 896 759
709 714 803
710 583 963
711 996 845
712 835 327
713 425 365
714 946 181
715 895 286
716 374 409
717 584 652
718 755 815
719 903 928
720 771 115
721 39 645
722 828 909
723 32 7
724 444 960
725 681 689
726 274 527
727 340 35
728 12 599
729 28 614
730 959 98
731 383 375
732 266 297
733 875 620
734 802 566
735 898 730
736 564 940
737 613 906
738 972 240
739 458 991
740 440 317
741 989 969
742 531 216
743 872 767
744 666 463
745 2 734
746 441 178
747 809 644
748 747 455
749 167 434
750 547 255
751 773 149
752 318 402
753 754 548
754 92 467
755 770 127
756 451 739
757 703 179
758 506 87
759 392 344
760 790 497
761 524 182
762 870 662
763 292 763
764 502 4
765 92 47
766 71 954
767 776 105
768 225 437
769 126 521
770 909 534
771 151 157
772 213 253
773 789 384
774 440 996
775 828 301
776 775 691
777 512 639
778 208 126
779 546 246
780 622 408
781 258 329
782 701 230
783 747 359
784 574 556
785 601 467
786 231 577
787 843 362
788 399 65
789 496 30
790 820 222
791 932 88
792 877 917
793 559 704
794 39 338
795 873 444
796 56 547
797 784 306
798 621 917
799 117 205
800 660 224
801 562 945
802 577 763
803 212 863
804 312 960
805 512 791
806 687 846
807 815 153
808 593 161
809 305 665
810 426 865
811 475 478
812 998 412
813 696 529
814 496 340
815 912 549
816 644 249
817 835 507
818 555 61
819 756 83
820 961 370
821 38 490
822 864 747
823 183 782
824 515 285
825 294 802
826 218 4
827 838 306
828 504 876
829 832 166
830 309 94
831 51 62
832 317 551
833 755 858
834 325 631
835 25 286
836 985 142
837 944 479
838 728 999
839 634 873
840 937 338
841 118 780
842 118 850
843 116 498
844 797 227
845 170 145
846 293 265
847 277 561
848 711 233
849 97 924
850 297 664
851 468 40
852 961 701
853 383 959
854 902 936
855 58 89
856 326 943
857 41 254
858 774 692
859 515 157
860 37 96
861 732 547
862 535 742
863 392 860
864 723 511
865 382 323
866 196 385
867 822 754
868 96 423
869 714 888
870 634 463
871 237 702
872 775 373
873 71 799
874 459 386
875 604 459
876 785 996
877 216 906
878 836 141
879 394 385
880 417 947
881 875 590
882 768 514
883 253 371
884 303 491
885 275 916
886 117 907
887 781 752
888 86 316
889 424 217
890 924 284
891 79 884
892 768 623
893 596 984
894 851 805
895 37 630
896 791 51
897 46 485
898 77 731
899 218 442
900 892 42
901 377 378
902 630 933
903 424 191
904 923 35
905 364 460
906 242 697
907 228 288
908 115 17
909 521 924
910 253 647
911 503 397
912 480 680
913 576 224
914 434 51
915 301 57
916 810 788
917 540 530
918 6 165
919 495 436
920 653 980
921 523 470
922 268 274
923 163 296
924 889 329
925 919 398
926 729 538
927 265 558
928 49 802
929 657 944
930 471 450
931 678 912
932 471 857
933 795 852
934 324 490
935 915 46
936 44 941
937 116 345
938 410 855
939 356 603
940 554 895
941 391 927
942 287 384
943 459 823
944 237 568
945 690 468
946 605 170
947 653 237
948 155 256
949 384 281
950 985 62
951 962 117
952 33 358
953 497 635
954 325 311
955 175 513
956 975 397
957 583 557
958 720 583
959 741 441
960 177 475
961 817 611
962 267 713
963 354 106
964 79 874
965 522 671
966 172 62
967 509 353
968 724 320
969 296 886
970 989 547
971 44 98
972 488 929
973 280 258
974 67 568
975 199 269
976 175 666
977 623 807
978 978 80
979 500 661
980 626 478
981 168 568
982 853 869
983 788 226
984 387 795
985 123 26
986 161 427
987 979 574
988 524 164
989 314 917
990 993 730
991 745 698
992 703 399
993 204 16
994 737 303
995 941 584
996 348 949
997 723 739
998 13 193
999 623 817
1000 929 95
